version=53;
class EditorData
{
	moveGridStep=1;
	angleGridStep=0.2617994;
	scaleGridStep=1;
	autoGroupingDist=10;
	toggles=1;
	class Camera
	{
		pos[]={16367.129,35.185364,5235.9297};
		dir[]={-0.058067545,-0.17364819,-0.98309439};
		up[]={-0.010238875,0.98480767,-0.17334606};
		aside[]={-0.99826014,0,0.058963325};
	};
};
binarizationWanted=0;
class AddonsMetaData
{
};
randomSeed=7004179;
class ScenarioData
{
	author="IR0NSIGHT";
};
class Mission
{
	class Intel
	{
		timeOfChanges=1800.0002;
		startWeather=0.30000001;
		startWind=0.1;
		startWaves=0.1;
		forecastWeather=0.30000001;
		forecastWind=0.1;
		forecastWaves=0.1;
		forecastLightnings=0.1;
		wavesForced=1;
		windForced=1;
		year=2015;
		month=10;
		day=6;
		hour=12;
		minute=0;
		startFogDecay=0.013;
		forecastFogDecay=0.013;
	};
};
